a:4:{s:4:"code";s:18:"code_60f3251b45a12";s:9:"client_id";s:30:"client_60f324e98d1cb3.40889045";s:7:"user_id";s:28:"user_6087d1978824c4.38987336";s:10:"expired_in";O:17:"DateTimeImmutable":3:{s:4:"date";s:26:"2021-07-17 18:49:43.289037";s:13:"timezone_type";i:3;s:8:"timezone";s:3:"UTC";}}
a:4:{s:4:"code";s:18:"code_60f325f85733e";s:9:"client_id";s:30:"client_60f324e98d1cb3.40889045";s:7:"user_id";s:28:"user_6087d1978824c4.38987336";s:10:"expired_in";O:17:"DateTimeImmutable":3:{s:4:"date";s:26:"2021-07-17 18:53:24.358130";s:13:"timezone_type";i:3;s:8:"timezone";s:3:"UTC";}}
a:4:{s:4:"code";s:18:"code_60f325fc1b01e";s:9:"client_id";s:30:"client_60f324e98d1cb3.40889045";s:7:"user_id";s:28:"user_6087d1978824c4.38987336";s:10:"expired_in";O:17:"DateTimeImmutable":3:{s:4:"date";s:26:"2021-07-17 18:53:28.111402";s:13:"timezone_type";i:3;s:8:"timezone";s:3:"UTC";}}