a:4:{s:5:"token";s:29:"token_60f3251b4fb754.24930683";s:9:"client_id";s:30:"client_60f324e98d1cb3.40889045";s:7:"user_id";s:28:"user_6087d1978824c4.38987336";s:10:"expired_in";O:17:"DateTimeImmutable":3:{s:4:"date";s:26:"2021-07-17 19:44:43.329776";s:13:"timezone_type";i:3;s:8:"timezone";s:3:"UTC";}}
a:4:{s:5:"token";s:29:"token_60f3257d5d0cd1.23153189";s:9:"client_id";s:30:"client_60f324e98d1cb3.40889045";s:7:"user_id";s:28:"user_6087d1978824c4.38987336";s:10:"expired_in";O:17:"DateTimeImmutable":3:{s:4:"date";s:26:"2021-07-17 19:46:21.382572";s:13:"timezone_type";i:3;s:8:"timezone";s:3:"UTC";}}
a:4:{s:5:"token";s:29:"token_60f325f85f2584.84592616";s:9:"client_id";s:30:"client_60f324e98d1cb3.40889045";s:7:"user_id";s:28:"user_6087d1978824c4.38987336";s:10:"expired_in";O:17:"DateTimeImmutable":3:{s:4:"date";s:26:"2021-07-17 19:48:24.390937";s:13:"timezone_type";i:3;s:8:"timezone";s:3:"UTC";}}
a:4:{s:5:"token";s:29:"token_60f325fc2288b6.40750977";s:9:"client_id";s:30:"client_60f324e98d1cb3.40889045";s:7:"user_id";s:28:"user_6087d1978824c4.38987336";s:10:"expired_in";O:17:"DateTimeImmutable":3:{s:4:"date";s:26:"2021-07-17 19:48:28.143106";s:13:"timezone_type";i:3;s:8:"timezone";s:3:"UTC";}}